m1 = 0.3460
m2 = 1-m1
x = 0.005
q1 = 0.5*(1/2+x) + 0.5*(0.9+x);
q2 = 0.5*(1/2+x) + 0.5*(0.25+x);
eret = m1*(q1*(1) + (1-q1)*(-1))+ m2*(q2*(1) + (1-q2)*(-1))
